16526639
16526651
16526668
16527039
16527010
16527071
16527126
16527162
16527151
16527206
16527265
16527225
16527216
16527242
16527341
16527815
16527421
16527478
16527533
16527569
16527633
16527177
16527146
16527364
16527330
16527170
16527214
16527241
16527289
16528031
16528140
16527696
16527747
16528105
16527801
16527931
16528611
16528568
16529345
16529365
16529471
16529508
16529490
16529207
16529233
16529439
16529493
16529514
16529547
16529569
16529391
16529676
16529113
16529628
16529079
16529770
16531624
16531609
16533137
16533056
16532987
16532928
16531863
16531794
16531710
16530651
16530609
16530540
16535346
16534942
16534021
16534854
16534123
16534060
16533928
16533973
16529422
16531542
16536514
16539068
16539114
16539146
16538732
16538498
16536180
16536340
16536411
16536479
16536605
16536819
16537106
16537155
16537272
16537630
16537691
16537739
16538096
16538241
