16526422
16526430
16526439
16526446
16526452
16526466
16526474
16526479
16526487
16526374
16526509
16526409
16526696
16526720
16526412
16526414
16526518
16526529
16526787
16526877
16526897
16526768
16526619
16526629
16522277
16524891
16524914
16527605
16527583
16527652
16520026
16520090
16519999
16519920
16519901
16520159
16520380
16519809
16519948
16520456
16530582
16530610
16530640
16530676
16530810
16531420
16531479
16531505
16531065
16531095
16531124
16531151
16531167
16531211
16531272
16532228
16530489
16530296
16530235
16530188
16530146
16530095
16530052
16530010
16529966
16529924
16529885
16532296
16535072
16536121
16533882
16542067
16541872
16541763
16541661
16541561
